0.9368278384208679
0.9360100030899048
0.9548534750938416
0.9357596635818481
0.9505893588066101
0.9245833158493042
0.9207494258880615
0.9346683025360107
0.9186979532241821
0.9877400994300842
0.9278856515884399
0.9818091988563538
0.8458614349365234
0.9041348099708557
0.8830540776252747
0.8072871565818787
0.733417809009552
0.8045523166656494
0.8900784254074097
0.9093807935714722
0.9995067119598389
0.7781327366828918
0.7812021374702454
0.8730809688568115
0.7805405259132385
0.7726911306381226
0.6224423050880432
0.9995486736297607
0.6274814009666443
0.9720465540885925
0.9995934367179871
0.5562455654144287
0.4965444803237915
0.5410753488540649
0.9109887480735779
0.5444801449775696
0.5088140368461609
0.9994270205497742
0.5064457654953003
0.4883672893047333
0.9995005130767822
0.8740489482879639
0.9966700673103333
0.9889105558395386
0.9204466342926025
0.9994510412216187
0.4823363423347473
0.4823363423347473
0.9054288268089294
0.585265576839447
0.999686062335968
0.4908274710178375
0.48958820104599
0.4823363423347473
0.9997968673706055
0.4823363423347473
0.9615090489387512
0.4823363423347473
0.9993690848350525
0.9634763598442078
0.9994910955429077
0.4823363423347473
0.4823363423347473
0.5675962567329407
0.9737714529037476
0.4823363423347473
0.9998298287391663
0.4904257357120514
0.5792356729507446
0.791209876537323
0.4823363423347473
0.9621016383171082
0.4823363423347473
0.7066478729248047
0.9991623759269714
0.501686692237854
0.9995435476303101
0.9997764825820923
0.90582275390625
0.9998592734336853
0.999855637550354
0.999862790107727
0.5038971304893494
0.999858021736145
0.9534986615180969
0.7717859745025635
0.9397933483123779
0.4823363423347473
0.974668562412262
0.5359653234481812
0.9998695254325867
0.5617766380310059
0.6934665441513062
0.9403539299964905
0.4823363423347473
0.4823363423347473
0.9657692313194275
0.9966962933540344
0.665907621383667
0.9997929930686951
